Liczba: 100 Gestosc: 25
0.366
0.2926
0.3099
0.3
0.287
0.2837
0.2866
0.2847
0.3166
0.2857
0.3326
0.2879
0.2863
0.2844
0.2822
0.3415
0.286
0.2845
0.2862
0.2863
0.3298
0.2899
0.2887
0.2999
0.2886
0.2888
0.2875
0.2933
0.2906
0.2935
0.2879
0.2861
0.2909
0.2879
0.2877
0.2884
0.2918
0.2956
0.2925
0.2973
0.2823
0.2832
0.2839
0.2932
0.2893
0.2881
0.287
0.2839
0.3064
0.2853
0.2825
0.283
0.2847
0.286
0.2864
0.2889
0.2815
0.2942
0.3005
0.2807
0.286
0.284
0.3314
0.2918
0.2928
0.2923
0.2911
0.3357
0.2967
0.3117
0.3744
0.3032
0.2965
0.295
0.3687
0.3374
0.2933
0.2934
0.2869
0.29
0.2874
0.286
0.3597
0.2955
0.2922
0.2846
0.2905
0.2905
0.3143
0.5301
0.3361
0.5235
0.4922
0.5233
0.3391
0.4578
0.4632
0.3713
0.6024
0.5688
